-,-,-
-319.091797, -930.419922, -158.447266
-357.177734, -944.091797, -70.068359
-413.330078, -911.376953, -171.630859
-926.513672, -1402.099609, -391.845703
-1797.119141, -1999.755859, -614.013672
-1343.994141, -1730.224609, -193.115234
-613.037109, -898.193359, 31.250000
-188.720703, -322.021484, 83.984375
202.148438, -7.568359, 472.167969
616.210938, 462.402344, 487.304688
-,-,-
-632.568359, -591.552734, -159.912109
-350.341797, -381.591797, 62.500000
-402.099609, -279.052734, 187.500000
-379.150391, 54.687500, 283.691406
-442.138672, 325.195312, 102.050781
-571.044922, 328.125000, -45.654297
-463.623047, 101.562500, -257.568359
-337.646484, -351.318359, -254.638672
-156.005859, -1881.103516, 372.070312
162.109375, -1999.755859, 1130.859375
283.691406, -1999.755859, 817.382812
-,-,-
-185.302734, -33.935547, -116.943359
-601.318359, -31.494141, -356.201172
-1428.466797, -116.943359, -561.767578
-1999.755859, -806.396484, -1063.720703
-1999.755859, -946.044922, -656.982422
-1869.384766, -908.447266, 0.488281
-1118.408203, -506.591797, 505.859375
-,-,-
48.828125, -1350.341797, -164.794922
-480.712891, -1252.685547, -94.482422
-938.720703, -1132.568359, -196.044922
-1411.865234, -791.748047, -231.201172
-1922.119141, 78.125000, -596.923828
-1717.529297, 449.218750, -400.146484
-1346.435547, 507.812500, -119.873047
-1039.794922, 273.925781, -141.357422
-684.814453, -498.779297, 19.531250
-211.669922, -1270.751953, 237.792969
-,-,-
-227.783203, -218.505859, 199.707031
-792.724609, -54.443359, -172.607422
-1483.154297, 128.906250, -584.716797
-1999.755859, 41.015625, -1146.728516
-1999.755859, -490.966797, -914.306641
-1582.275391, -402.099609, -233.642578
-,-,-
-391.357422, -928.466797, -80.322266
-728.759766, -668.701172, -39.794922
-1475.341797, -714.599609, -419.189453
-1308.349609, 354.492188, -831.298828
-1478.759766, 753.906250, -753.173828
-1952.880859, 438.476562, -634.033203
-1874.755859, 605.957031, -303.466797
-1448.486328, 184.082031, 48.828125
-1245.849609, -221.435547, 162.109375
-864.501953, -358.154297, 179.199219
-531.005859, -674.560547, 109.375000
-302.001953, -681.396484, 10.742188
-4.638672, -1213.623047, 143.554688
140.625000, -1368.896484, 41.992188
392.578125, -1613.525391, 102.050781
517.089844, -1673.583984, 392.089844
-,-,-
-442.138672, -301.513672, -230.224609
464.843750, -118.408203, 494.628906
916.992188, 46.875000, 873.046875
417.968750, 66.406250, 844.726562
-720.947266, -68.115234, 267.089844
-1571.044922, 106.445312, -596.923828
-,-,-
-1329.833984, 185.058594, -992.919922
-1158.447266, 146.484375, -693.603516
-1036.376953, 124.023438, -481.201172
-1163.818359, 16.601562, -335.693359
-1537.841797, -591.552734, -412.353516
-1327.392578, -681.396484, 165.039062
-860.595703, -740.966797, 472.167969
-,-,-
-1731.201172, 134.765625, 45.898438
-1999.755859, -132.568359, -22.705078
-1999.755859, -268.310547, -55.908203
-1999.755859, -97.412109, -16.357422
-1837.158203, 18.554688, 316.406250
-1530.029297, -34.912109, 460.937500
-1196.044922, 145.996094, 889.160156
-500.244141, 337.402344, 751.464844
-55.908203, 511.718750, 431.640625
377.441406, 538.085938, 382.324219
1252.929688, 741.210938, 303.710938
1408.691406, 757.324219, 675.292969
517.089844, -66.162109, 418.945312
-,-,-
-57.861328, -346.435547, -14.404297
131.835938, -57.373047, 347.656250
-8.056641, 158.203125, 382.812500
-683.837891, 256.835938, 277.343750
-1528.564453, 459.472656, 205.566406
-1999.755859, 511.718750, -520.751953
-1999.755859, 275.390625, -795.654297
-1571.044922, 201.171875, -224.853516
-943.115234, -890.380859, -107.666016
-824.462891, -1086.181641, -90.576172
-1359.619141, -1417.236328, 82.031250
-1484.130859, -1999.755859, 308.105469
-1098.876953, -1828.857422, 805.175781
-231.689453, -1586.669922, 1038.574219
425.781250, -1274.169922, 1629.882812
468.261719, -953.857422, 1276.367188
497.070312, -292.724609, 1120.117188
147.460938, 166.992188, 865.234375
-127.685547, 577.636719, 637.695312
-705.322266, 937.988281, 578.125000
-1706.787109, 1154.785156, -89.599609
-,-,-
-1264.892578, 141.601562, -129.150391
-1786.376953, 306.640625, -27.099609
-1792.724609, 377.929688, 31.738281
-1987.548828, 961.914062, -7.568359
-1770.263672, 1232.421875, 85.937500
-1451.416016, 741.210938, 166.992188
-1190.185547, 204.101562, 137.207031
-1005.615234, -474.365234, 423.828125
-372.314453, -278.076172, 927.734375
559.082031, 43.945312, 1572.753906
1282.714844, 162.109375, 1896.972656
822.265625, -263.427734, 796.875000
644.531250, -525.146484, 418.457031
567.382812, -964.599609, 129.394531
250.976562, -1654.052734, -162.841797
-233.154297, -1999.755859, -176.513672
-760.986328, -1944.091797, -339.111328
-1339.599609, -1427.001953, -411.376953
-1940.673828, -786.376953, -1175.048828
-1700.927734, -48.583984, -1122.802734
-1454.345703, -915.283203, -766.357422
-908.935547, -1538.818359, 167.968750
-64.208984, -931.396484, 875.976562
-194.091797, -940.673828, 578.125000
-281.982422, -245.361328, 638.671875
-,-,-
-1359.619141, -254.638672, -312.744141
-1473.876953, -27.587891, -232.177734
-1999.755859, -100.341797, -360.107422
-1999.755859, 136.718750, -333.740234
-1999.755859, 91.796875, -92.529297
-1444.091797, 247.070312, 243.164062
-792.724609, 132.812500, 807.128906
-263.427734, 227.539062, 1168.457031
203.125000, 256.835938, 528.320312
298.828125, 51.757812, 105.468750
509.765625, -593.505859, 29.296875
566.406250, -1263.427734, 143.554688
611.816406, -1691.650391, 1190.429688
790.039062, -1917.724609, 1479.980469
1030.273438, -1354.736328, 1487.304688
-,-,-
-578.857422, 225.585938, 381.835938
-773.193359, 317.382812, 323.242188
-1993.896484, 12.695312, -444.091797
-1696.044922, -336.181641, -573.486328
-1000.244141, -227.294922, -256.103516
-836.181641, -961.669922, -586.669922
-839.599609, -1025.634766, -479.248047
-1228.271484, -1805.419922, -342.529297
-1016.845703, -1804.443359, 220.703125
-629.150391, -1820.068359, 269.531250
-72.509766, -1343.505859, 781.250000
357.910156, -1155.029297, 808.593750
394.531250, -1071.044922, 615.234375
286.621094, -674.560547, 742.187500
-,-,-
-861.572266, -991.943359, 251.464844
-1589.111328, 42.480469, -592.529297
-1999.755859, 575.683594, -456.787109
-1812.744141, 760.253906, -335.205078
-1166.259766, 972.167969, -76.904297
-804.443359, 295.410156, 295.898438
-750.732422, 119.140625, 470.214844
-912.353516, -192.138672, 369.628906
-1017.822266, -516.845703, 350.585938
-893.310547, -638.427734, 350.585938
-676.025391, -921.630859, 384.277344
-,-,-
-1270.263672, 732.421875, -710.693359
-1747.802734, 733.398438, -860.595703
-1999.755859, 680.664062, -747.314453
-1999.755859, 300.292969, -763.427734
-1779.541016, 385.742188, 59.570312
-1576.416016, 35.156250, 26.855469
-1551.025391, -34.423828, 286.621094
-941.650391, -90.576172, 481.445312
-630.126953, -239.501953, 271.484375
-35.888672, 49.804688, 409.667969
670.410156, 140.625000, 733.398438
1590.332031, -251.708984, 1669.433594
1062.988281, -759.033203, 1442.382812
310.058594, -1121.337891, 969.726562
-498.779297, -674.560547, 506.835938
-1999.755859, 196.289062, -232.666016
-1999.755859, 239.257812, -1831.787109
-1999.755859, 25.390625, -349.365234
-1662.353516, -301.025391, -424.560547
-1645.751953, -1099.365234, -317.138672
-1364.990234, -1266.357422, 275.390625
-,-,-
-121.826172, -361.083984, 217.773438
73.730469, -200.927734, 253.417969
-58.349609, 266.601562, 250.000000
-478.271484, 738.281250, 93.750000
-1456.298828, 866.210938, -274.169922
-1999.755859, 1043.457031, -1420.654297
-1999.755859, 516.113281, -644.287109
-1999.755859, 388.671875, -533.935547
-1618.896484, 306.640625, 104.003906
-1460.693359, 122.558594, 175.781250
-1313.720703, -55.419922, 82.031250
-931.884766, 52.734375, 215.820312
-700.439453, -218.505859, 80.566406
-241.455078, 35.156250, 328.125000
328.125000, 69.335938, 466.308594
546.875000, -616.943359, 23.437500
723.144531, -818.603516, 494.628906
1000.488281, -991.943359, 553.710938
1204.101562, -979.248047, 747.558594
1276.855469, -808.349609, 1355.957031
-555.419922, -156.005859, 472.167969
-1999.755859, 5.371094, -1999.755859
-1999.755859, -751.708984, -1849.365234
-,-,-
-1300.537109, -123.779297, -577.880859
-1221.923828, -134.521484, -518.798828
-1389.892578, -27.099609, -622.314453
-1932.861328, -160.888672, -896.240234
-1999.755859, -285.888672, -1122.802734
-1999.755859, -359.130859, -542.236328
-1181.396484, -257.568359, -65.185547
-478.759766, -177.978516, 241.210938
133.789062, -180.419922, 578.125000
290.527344, -139.404297, 548.339844
435.058594, 44.921875, 751.953125
274.414062, 154.785156, 393.066406
90.820312, 386.718750, 174.804688
-388.916016, 387.695312, -125.244141
-1123.779297, -272.705078, -1145.263672
-1090.087891, -672.607422, -294.677734
-1039.306641, -1607.666016, -177.490234
-744.384766, -1999.755859, 900.390625
-580.322266, -1999.755859, 885.253906
-559.326172, -1967.041016, 153.808594
-535.400391, -1187.255859, -162.841797
-468.505859, -847.900391, 154.785156
-,-,-
-1342.529297, 706.054688, -156.494141
-1260.498047, 449.707031, -166.748047
-1192.626953, 258.789062, 14.648438
-1018.798828, -73.974609, 225.585938
-722.900391, -370.361328, 271.484375
-450.927734, -480.224609, 174.804688
-358.642578, -515.380859, 40.039062
-86.181641, -772.216797, 59.570312
31.738281, -896.240234, 231.933594
22.460938, -1515.380859, 363.769531
-35.400391, -1852.294922, 291.992188
310.058594, -1617.919922, 521.972656
564.941406, -1583.740234, 641.601562
530.273438, -1468.505859, 712.890625
270.019531, -1465.576172, 369.628906
204.101562, -1315.185547, 279.296875
-2.685547, -1194.091797, 359.863281
-225.341797, -1059.814453, 475.585938
-338.623047, -721.435547, 232.910156
-143.798828, -310.302734, -19.287109
-69.091797, -157.958984, -13.427734
-362.060547, -289.794922, -247.802734
-571.533203, -348.388672, -116.943359
-1139.892578, -228.271484, -263.916016
-,-,-
-460.205078, -72.021484, 135.253906
-419.677734, -78.857422, 230.957031
-1196.533203, -13.427734, -350.341797
-1703.369141, 76.171875, -507.568359
-1753.173828, -107.177734, -553.466797
-1600.341797, -277.099609, -424.560547
-1248.291016, -630.615234, -370.849609
-1239.013672, -1312.255859, 547.363281
-,-,-
-727.294922, -165.771484, -394.287109
-1218.017578, -18.310547, -576.904297
-1513.427734, 141.601562, -670.654297
-1999.755859, 361.816406, -978.271484
-1999.755859, 105.468750, -945.068359
-1869.384766, -307.373047, -214.111328
-1576.416016, -892.333984, 144.531250
-968.994141, -860.107422, 724.121094
311.035156, -298.583984, 1034.179688
1361.816406, 256.835938, 1156.250000
1226.074219, 270.996094, 732.421875
570.800781, -0.244141, 449.218750
-43.701172, -26.123047, 144.531250
-894.287109, -239.501953, -502.685547
-1245.849609, -406.982422, -879.638672
-1272.216797, -853.271484, -889.892578
-1171.142578, -1822.021484, -332.275391
-690.673828, -1999.755859, 475.585938
-308.837891, -1999.755859, 537.109375
-183.837891, -1631.103516, 191.406250
-163.818359, -1099.365234, 75.683594
-191.650391, -700.927734, 89.843750
-377.197266, -316.162109, 93.750000
-688.232422, 121.582031, -28.564453
-969.970703, 445.312500, -144.287109
-1629.150391, 824.218750, -704.345703
-1981.689453, 630.859375, -546.142578
-1849.365234, 264.648438, -663.818359
-1591.064453, 19.531250, -395.263672
-1360.595703, -486.083984, 97.167969
-1001.220703, -962.646484, 394.531250
-156.982422, -536.865234, 682.617188
-,-,-
-1178.466797, -6.591797, -895.263672
-1295.166016, -250.732422, -800.537109
-1036.376953, -521.240234, -406.005859
-494.873047, -571.533203, 55.175781
-374.267578, -610.107422, 189.453125
-524.658203, -875.244141, 266.113281
-706.298828, -1185.302734, 226.562500
-632.568359, -1788.330078, 619.140625
-489.990234, -1999.755859, 868.164062
-368.408203, -1999.755859, 838.867188
-342.041016, -1725.830078, 661.132812
-455.322266, -1418.212891, 558.593750
-449.951172, -1128.662109, 635.742188
-289.794922, -660.888672, 626.953125
-177.490234, -237.548828, 597.167969
-524.658203, 13.671875, 183.105469
-764.404297, 292.968750, -26.611328
-1156.005859, 850.097656, -579.345703
-1656.982422, 1205.078125, -872.802734
-1873.779297, 730.957031, -1045.654297
-1794.189453, 339.355469, -909.423828
-,-,-
230.468750, 212.402344, -206.298828
317.382812, 176.757812, 42.968750
66.406250, 79.101562, -80.322266
-404.541016, -305.419922, -201.904297
-799.072266, -557.373047, -383.056641
-888.916016, -732.177734, -395.751953
-810.791016, -780.029297, -489.990234
-461.669922, -762.451172, -122.802734
-619.384766, -1162.841797, 16.601562
-827.392578, -1755.615234, 120.117188
-829.345703, -1999.755859, 233.886719
-643.798828, -1999.755859, 411.621094
-383.056641, -1903.076172, 509.765625
-477.783203, -1579.833984, 210.449219
-,-,-
-240.966797, 143.554688, -178.955078
-648.193359, 607.910156, -384.521484
-1466.552734, 510.253906, -552.490234
-1999.755859, 207.031250, -1027.099609
-1999.755859, 174.804688, -780.517578
-1713.623047, -13.427734, -450.927734
-1425.537109, -197.021484, -242.919922
-1083.740234, -312.255859, 19.042969
-847.412109, -556.396484, 280.273438
-532.470703, -536.865234, 354.003906
-54.443359, -274.658203, 572.265625
515.625000, -266.845703, 689.453125
623.046875, -456.298828, 458.007812
408.691406, -678.466797, 219.726562
269.531250, -1010.498047, -131.103516
199.707031, -1382.568359, -144.287109
204.101562, -1648.193359, 239.257812
417.968750, -1872.802734, 874.511719
528.320312, -1559.326172, 1090.332031
-,-,-
-452.392578, -328.857422, -268.310547
-754.638672, -253.662109, -404.052734
-1098.876953, -450.927734, -409.423828
-1000.244141, -431.396484, -188.232422
-1045.654297, -642.333984, -144.287109
-1096.923828, -954.833984, 1.953125
-999.755859, -1364.501953, -178.955078
-1085.693359, -1175.048828, -112.060547
-865.478516, -1651.611328, -210.205078
-635.986328, -1410.888672, 25.878906
-561.279297, -1362.060547, 326.171875
-527.099609, -1198.974609, 229.492188
-313.232422, -1555.419922, 685.546875
-72.998047, -1204.833984, 690.429688
344.726562, -1025.634766, 688.476562
-,-,-
-921.630859, -468.505859, -683.349609
-892.822266, -293.701172, -599.365234
-561.767578, 156.738281, -582.763672
-178.466797, 376.953125, -336.181641
75.683594, 196.289062, -54.931641
-348.876953, -60.791016, -230.224609
-1416.259766, -740.966797, -608.154297
-1953.857422, -904.541016, -1256.591797
-1581.787109, -1082.763672, -989.990234
-969.970703, -1062.255859, -289.794922
-261.962891, -968.994141, 367.675781
258.789062, -1442.138672, 1435.546875
783.203125, -1940.185547, 1950.195312
753.417969, -1455.322266, 1352.050781
226.074219, -1159.912109, 796.875000
-,-,-
-1527.587891, 216.308594, -668.701172
-1579.833984, -58.837891, -163.818359
-1297.119141, 186.523438, -324.951172
-1072.998047, 390.625000, -324.951172
-1081.787109, 265.625000, -237.548828
-1156.982422, -16.357422, -181.884766
-1218.017578, -101.318359, -143.310547
-1185.302734, -654.052734, 51.269531
-968.994141, -1323.974609, 371.093750
-327.880859, -1145.751953, 471.191406
-87.158203, -1648.193359, 637.695312
-292.724609, -1411.865234, 231.445312
-563.720703, -1343.505859, 126.464844
-,-,-
189.941406, 94.238281, -269.287109
115.234375, 52.734375, -109.130859
-157.470703, -216.552734, -141.357422
-166.259766, -458.740234, -15.380859
-248.779297, -688.232422, -118.896484
-17.822266, -721.435547, -132.568359
65.917969, -1080.322266, 132.812500
-82.275391, -1999.755859, 447.753906
28.320312, -1514.892578, -104.736328
-123.779297, -1999.755859, -182.861328
-130.615234, -1590.576172, -226.318359
-32.470703, -1364.501953, 70.800781
99.121094, -1008.544922, -14.404297
328.125000, -1138.427734, 90.820312
-,-,-
-414.306641, -497.802734, -587.646484
-728.271484, -710.693359, -526.123047
-1241.455078, -920.654297, -550.537109
-1299.560547, -889.404297, -340.087891
-1091.064453, -734.130859, -220.458984
-884.521484, -677.490234, -293.701172
-601.318359, -658.935547, -389.892578
-301.025391, -737.060547, -105.712891
23.925781, -719.482422, 566.894531
759.765625, -742.919922, 1213.867188
956.054688, -1269.775391, 1313.476562
894.531250, -1706.787109, 1015.136719
694.335938, -1622.802734, 525.390625
630.859375, -1599.853516, 755.371094
-,-,-
208.984375, -292.724609, 9.765625
24.414062, -102.294922, -316.650391
23.925781, -26.611328, -376.708984
129.394531, -142.333984, -142.333984
201.171875, -558.349609, 22.460938
240.234375, -884.521484, 142.578125
314.453125, -1218.505859, 161.132812
103.515625, -1467.529297, -47.607422
-164.794922, -1751.708984, -279.052734
-111.572266, -1455.322266, -296.630859
-180.419922, -1614.990234, -244.873047
-264.892578, -1671.630859, -498.779297
-,-,-
-135.498047, -653.076172, 15.625000
91.796875, -204.833984, -38.818359
111.328125, -4.638672, -145.263672
-10.986328, 146.484375, -243.896484
-540.283203, 72.265625, -716.552734
-1086.669922, -432.373047, -726.806641
-972.412109, -819.580078, -429.443359
-504.150391, -1096.435547, 91.796875
-11.474609, -1189.208984, 477.539062
198.242188, -1535.888672, 625.976562
98.632812, -1999.755859, 1218.261719
-,-,-
-1897.216797, 461.914062, -455.810547
-1999.755859, 151.855469, -387.451172
-1935.302734, 174.316406, -260.986328
-1519.775391, 116.210938, -19.287109
-1369.384766, -89.111328, 13.671875
-1082.275391, -224.365234, 187.500000
-816.162109, -472.412109, 326.171875
-445.556641, -532.958984, 359.863281
155.761719, -638.427734, 524.414062
758.300781, -862.060547, 800.781250
840.332031, -1322.998047, 1056.640625
-,-,-
-139.404297, -74.951172, -665.771484
39.062500, 34.179688, -360.107422
34.179688, -99.365234, -209.228516
380.371094, 61.035156, -22.216797
604.003906, -76.904297, 357.421875
570.312500, -364.501953, 319.335938
23.925781, -1113.037109, 237.304688
-369.873047, -1691.650391, 18.554688
-690.185547, -1999.755859, -245.849609
-633.056641, -1876.220703, -371.826172
-,-,-
-824.951172, 361.816406, -309.814453
-1257.080078, 508.789062, -478.271484
-1152.099609, 723.632812, -324.951172
-1113.037109, 704.101562, -344.482422
-940.185547, 625.000000, -239.501953
-818.603516, 630.859375, -327.880859
-908.447266, 588.867188, -133.544922
-1163.330078, 222.167969, 243.164062
-,-,-
-851.806641, -723.388672, -74.951172
-646.240234, -732.177734, -110.107422
-426.513672, -380.615234, -25.634766
379.394531, 199.218750, 10.742188
916.015625, 1066.406250, 16.601562
353.515625, 884.765625, -147.216797
-784.423828, 291.015625, 174.804688
-1920.654297, 71.289062, -292.236328
-1999.755859, 11.718750, -646.728516
-1998.291016, 136.718750, -592.529297
-1459.716797, 100.585938, -405.029297
-1258.544922, -480.224609, -212.646484
-1119.384766, -630.615234, -103.759766
-,-,-
-217.529297, -611.572266, -239.990234
-1010.986328, -1004.638672, -501.708984
-1306.396484, -1253.662109, -815.185547
-1180.419922, -1176.513672, -462.646484
-864.990234, -962.646484, -443.603516
-418.701172, -680.419922, -136.474609
-47.607422, -509.521484, 39.062500
481.933594, -239.501953, -17.333984
-,-,-
-147.216797, -636.962891, 23.925781
-53.466797, -325.927734, 251.953125
-363.037109, 162.109375, 200.195312
-881.591797, 274.902344, 173.828125
-1659.423828, 558.593750, -458.740234
-1829.345703, 360.351562, -475.341797
-1364.013672, 272.949219, -123.291016
-1049.560547, 58.105469, 98.144531
-,-,-
-1008.056641, 522.460938, 515.136719
-1187.255859, 189.453125, 754.882812
-1152.587891, 243.652344, 375.976562
-1026.123047, 190.429688, 668.457031
-863.525391, 229.492188, 997.070312
-843.017578, 40.039062, 786.132812
-535.888672, 49.804688, 759.765625
-201.904297, -202.880859, 1299.316406
367.187500, -165.771484, 1293.457031
-,-,-
-1435.791016, 241.699219, 477.539062
-1091.064453, 250.976562, 738.281250
-785.400391, -33.447266, 1004.882812
-1010.009766, -174.560547, 1251.953125
-1155.029297, 22.460938, 1329.101562
-1006.591797, 282.226562, 981.933594
-805.908203, -156.982422, 856.933594
-,-,-
-1518.310547, -1004.638672, 560.546875
-1197.021484, -60.791016, 801.269531
-1161.865234, -432.861328, 820.312500
-861.083984, -133.544922, 861.328125
-761.962891, -504.638672, 644.042969
-477.294922, -146.728516, 619.628906
-238.037109, -297.607422, 696.289062
351.074219, 84.960938, 1059.570312
-,-,-
322.753906, -118.896484, 291.992188
90.820312, -83.740234, -153.564453
-112.548828, 201.171875, -470.458984
-356.689453, 73.242188, -499.755859
-834.716797, -336.669922, -579.833984
-281.982422, -478.271484, -92.529297
-467.041016, -819.580078, -175.537109
-415.283203, -1409.912109, -228.271484
-467.529297, -1556.396484, -188.720703
-550.537109, -1939.697266, -281.494141
-,-,-
-880.615234, -236.572266, -217.529297
-1209.228516, -117.919922, -138.427734
-1695.556641, -235.107422, -341.552734
-1999.755859, -595.458984, -397.705078
-1926.513672, -228.271484, -182.861328
-1656.494141, -135.498047, -51.025391
-1759.033203, -46.630859, 139.648438
-1459.228516, -19.287109, 46.875000
-1067.626953, -19.287109, 18.554688
-656.982422, 56.152344, 212.890625
-183.349609, 150.390625, 45.898438
-,-,-
495.117188, -509.033203, 696.289062
85.937500, -429.443359, 423.828125
-82.275391, -190.185547, 252.929688
-305.419922, 23.437500, 163.085938
-699.462891, 407.226562, -31.982422
-1562.744141, 245.117188, -72.021484
-1786.865234, 117.675781, -274.169922
-1999.755859, 179.687500, -320.068359
-1902.587891, 3.417969, -222.412109
-1572.509766, 74.218750, -551.025391
-1463.134766, -304.931641, -188.720703
-1177.001953, -744.873047, -166.748047
-1290.283203, -775.146484, -122.802734
-1357.666016, -1286.865234, 156.738281
-1263.916016, -1702.880859, 301.757812
-938.720703, -1739.013672, 684.570312
-,-,-
-279.541016, 62.011719, 386.230469
-468.994141, 395.996094, -338.134766
-962.158203, 718.261719, 199.218750
-1999.755859, 1437.500000, -1622.802734
-1999.755859, 482.421875, -987.548828
-1999.755859, 298.828125, -1435.791016
-1999.755859, 116.210938, -74.951172
-1621.826172, -193.115234, 9.277344
-1375.244141, -156.005859, 498.046875
-831.787109, 7.812500, 140.625000
-635.498047, 21.484375, 435.058594
-41.259766, -92.041016, 1522.949219
862.304688, -310.302734, 1999.755859
-,-,-
-1928.955078, 794.433594, -471.923828
-1626.708984, 857.421875, -437.255859
-1249.267578, 218.750000, -230.224609
-878.662109, 169.921875, -24.658203
-769.775391, 150.390625, -45.654297
-793.701172, -378.662109, 279.296875
-829.833984, -618.896484, 608.398438
-868.896484, -1203.857422, 573.730469
-605.712891, -1337.646484, 975.585938
-,-,-
371.582031, -134.521484, 46.386719
88.378906, -148.193359, 0.488281
-314.208984, -468.505859, -155.517578
-379.638672, -214.599609, -162.841797
-532.470703, -46.630859, -317.626953
-916.259766, 33.203125, -442.626953
-1314.697266, 422.851562, -151.611328
-1999.755859, 980.468750, -1944.091797
-1725.830078, 812.011719, -768.310547
-1431.884766, 621.093750, -439.208984
-1218.017578, 409.179688, -175.537109
-983.642578, 54.687500, 196.289062
-753.662109, -175.537109, 123.535156
-569.091797, -447.021484, 82.031250
-720.458984, -703.857422, 458.496094
-,-,-
-722.412109, -607.177734, 492.675781
-686.767578, -384.521484, 717.773438
-758.056641, -228.271484, 451.171875
-662.353516, 70.312500, 437.011719
-895.263672, 179.687500, 212.890625
-1276.611328, 329.589844, -57.373047
-1272.705078, 666.992188, -323.974609
-1317.138672, 547.363281, -338.134766
-1279.541016, 468.750000, -71.044922
-1353.759766, 508.789062, -290.771484
-1385.009766, 332.031250, -244.873047
-1217.529297, 306.640625, -101.318359
-,-,-
-1003.173828, 386.230469, -606.201172
-1045.654297, 602.050781, -605.224609
-1518.798828, 564.453125, -605.224609
-1994.384766, 308.593750, -586.669922
-1857.177734, -88.134766, -404.052734
-1501.708984, -91.064453, -39.794922
-1348.876953, -456.787109, -133.544922
-667.236328, -120.361328, 489.746094
128.417969, -228.271484, 559.570312
670.898438, -178.466797, 560.546875
1039.550781, 58.105469, 461.425781
697.265625, 52.734375, 114.257812
-,-,-
-1184.814453, -395.751953, -201.904297
-1101.318359, -5.615234, -442.626953
-1154.541016, 246.093750, -416.259766
-1327.392578, 351.562500, -274.169922
-1294.189453, 504.882812, -117.919922
-1052.978516, 394.042969, -40.771484
-912.841797, 97.656250, 278.320312
-822.998047, -92.041016, 274.414062
-811.767578, -339.599609, 145.507812
-770.751953, -703.369141, 84.960938
-733.642578, -1119.384766, -267.333984
-564.697266, -1301.513672, -233.642578
-,-,-
-803.955078, -631.591797, -247.802734
-515.380859, -559.326172, -182.861328
-266.357422, -571.044922, -54.931641
3.417969, -288.818359, 13.671875
72.753906, -181.884766, -149.169922
103.515625, -289.794922, -114.990234
41.015625, -84.716797, -312.744141
-8.544922, -54.443359, -227.294922
-279.541016, -129.638672, -521.728516
-482.666016, -371.826172, -368.896484
-989.990234, -729.248047, -172.607422
-1061.279297, -875.244141, -169.677734
-969.970703, -684.326172, -121.826172
-837.646484, -898.193359, -142.333984
-,-,-
-1197.998047, 240.722656, -801.513672
-1752.197266, 83.984375, -802.490234
-1999.755859, -41.748047, -1158.935547
-1999.755859, -327.392578, -637.451172
-1955.322266, -833.740234, -373.779297
-1306.396484, -751.708984, 234.863281
-668.212891, -856.201172, 626.464844
-114.013672, -576.416016, 493.652344
291.992188, -130.615234, 188.476562
488.281250, 152.343750, -3.173828
641.601562, 369.140625, -76.904297
285.644531, 237.304688, -281.005859
-,-,-
-592.529297, -747.802734, -224.365234
-738.525391, -558.349609, -246.826172
-925.537109, -236.572266, -392.822266
-1238.037109, 91.308594, -279.052734
-1556.884766, 464.843750, -552.978516
-1507.568359, 671.875000, -287.841797
-1282.958984, 827.148438, -237.548828
-1086.669922, 572.265625, -28.564453
-951.904297, 329.101562, -225.341797
-975.341797, 108.398438, -436.767578
-1114.013672, -1029.541016, 95.703125
-1469.970703, -1829.833984, 235.839844
-1153.564453, -1999.755859, 689.453125
-,-,-
-405.517578, -46.630859, -82.275391
-697.021484, 11.718750, -377.685547
-1151.123047, 109.375000, -622.314453
-1957.763672, 119.140625, -1156.982422
-1999.755859, -193.115234, -1360.107422
-1965.087891, -147.216797, -790.771484
-1323.974609, -150.634766, -24.658203
-477.294922, -136.474609, 391.113281
-12.451172, -33.935547, 127.441406
410.156250, 117.675781, 274.414062
-,-,-
-1004.150391, -1347.412109, -904.541016
-1116.943359, -1249.755859, 162.597656
-1402.587891, -1999.755859, 99.609375
-1222.900391, -1692.626953, 40.039062
-1012.451172, -1159.912109, -339.111328
-744.873047, -928.466797, -181.884766
-557.861328, -887.451172, 28.320312
-386.474609, -765.380859, 104.980469
-,-,-
-1229.736328, 466.796875, -466.552734
-1498.779297, 235.351562, -367.919922
-1696.044922, 347.656250, -304.931641
-1545.654297, 67.382812, -72.998047
-1303.955078, -92.041016, 25.878906
-1304.931641, -373.779297, -12.451172
-1319.580078, -582.763672, 143.554688
-1276.123047, -951.904297, 344.726562
-1228.759766, -1230.224609, 306.640625
-991.943359, -1428.466797, 583.984375
-699.951172, -1416.748047, 820.312500
-,-,-
-322.998047, -220.458984, -10.498047
-534.423828, -5.615234, -70.068359
-981.201172, 326.660156, -248.779297
-1469.970703, 803.710938, -761.474609
-1838.134766, 725.097656, -747.802734
-1999.755859, 138.671875, -1149.169922
-1999.755859, -286.865234, -599.853516
-1715.087891, -1090.576172, -197.021484
-1476.318359, -1489.013672, 102.539062
-667.236328, -749.755859, 906.250000
-160.400391, -500.732422, 336.425781
117.187500, -124.755859, 146.484375
-,-,-
-171.630859, -685.302734, 388.183594
-802.978516, 12.695312, 71.289062
-1643.310547, 419.433594, -1088.134766
-1999.755859, 572.753906, -550.537109
-1999.755859, 305.664062, -504.638672
-1999.755859, -423.095703, -563.232422
-1483.154297, -147.705078, 205.566406
-1309.326172, -1177.978516, 15.625000
-1024.658203, -1100.341797, 439.941406
-29.052734, -374.755859, 388.183594
649.414062, -535.888672, 488.281250
791.992188, -231.201172, 597.167969
-,-,-
-1711.669922, -152.587891, -574.462891
-1999.755859, -186.767578, -785.888672
-1999.755859, -155.029297, -587.646484
-1918.701172, -150.634766, -110.595703
-1201.416016, -317.138672, -141.357422
-718.017578, -239.501953, 17.578125
-76.416016, -222.412109, 273.437500
586.425781, -63.720703, 419.921875
701.660156, -147.705078, 451.171875
617.187500, -281.982422, 369.140625
312.500000, -628.662109, -31.005859
232.910156, -919.677734, -544.189453
-,-,-
-755.126953, 179.199219, 710.937500
-1434.326172, 394.042969, 179.199219
-1897.216797, 787.109375, -16.357422
-1662.353516, 551.757812, 843.750000
-1540.771484, 372.070312, 817.382812
-1656.982422, 454.589844, 599.121094
-1999.755859, -115.966797, 216.308594
-1072.998047, 396.972656, 860.839844
-906.005859, 246.582031, 412.109375
-581.787109, 139.648438, 645.996094
-570.068359, -182.861328, 717.773438
-684.814453, -687.255859, 497.558594
-726.318359, -970.458984, 691.894531
-378.662109, -832.763672, 645.507812
-,-,-
634.765625, -214.111328, 32.226562
913.574219, -8.544922, 220.703125
829.101562, 65.917969, 674.316406
305.664062, 41.992188, 788.085938
-237.548828, -253.662109, 589.843750
-709.228516, 237.304688, 784.179688
-1999.755859, -605.224609, -172.607422
-1738.037109, 49.804688, -689.208984
-1683.837891, -250.732422, -271.240234
-,-,-
-1615.478516, 505.859375, -794.677734
-1385.009766, 168.945312, 7.324219
-893.310547, -112.060547, 231.933594
-810.791016, -445.068359, 310.058594
-340.576172, -243.896484, 748.046875
79.101562, -467.529297, 742.187500
124.023438, -275.146484, 599.121094
-370.849609, -825.927734, 174.804688
-1143.798828, -1685.302734, -159.423828
-924.072266, -1999.755859, 619.140625
-804.931641, -1817.626953, 607.421875
-,-,-
393.554688, -209.716797, 665.039062
62.011719, -457.763672, 865.234375
2.441406, -29.541016, 887.695312
-536.865234, 41.015625, 744.628906
-1038.818359, 182.128906, 655.273438
-,-,-
-424.072266, -148.193359, 152.832031
-627.197266, -362.548828, -116.943359
-675.048828, -496.826172, 108.398438
-621.826172, -523.193359, 256.347656
-512.451172, -654.052734, 259.277344
-291.748047, -629.638672, 410.644531
-353.759766, -1088.134766, 175.781250
-318.603516, -1508.544922, 52.246094
-242.919922, -1790.771484, 33.203125
-86.669922, -1999.755859, 81.542969
-16.845703, -1863.037109, 51.269531
-20.263672, -1775.146484, 55.175781
-7.080078, -1972.412109, 146.972656
-57.861328, -1924.560547, 425.781250
368.164062, -1556.396484, 1080.078125
495.117188, -1076.904297, 1170.898438
495.605469, -501.708984, 1453.613281
222.167969, -214.599609, 1038.574219
-23.681641, -0.732422, 713.867188
-217.041016, 147.949219, 529.296875
-589.111328, 445.312500, 411.621094
-1469.482422, 902.343750, -51.025391
-1832.763672, 495.117188, -575.439453
-1999.755859, 950.195312, -468.017578
-1999.755859, 610.351562, -595.947266
-1704.345703, 1036.132812, -587.646484
-1516.845703, 74.707031, 36.132812
-1149.169922, -938.720703, 169.921875
-1092.041016, -720.458984, -180.908203
-206.298828, -996.337891, 1553.710938
-122.802734, -1999.755859, 1595.703125
-141.357422, -1785.400391, 1632.324219
-630.126953, -1221.435547, 535.156250
-,-,-
-675.048828, -370.849609, 139.648438
-686.279297, -6.591797, 161.132812
-1241.455078, 99.609375, -271.240234
-1999.755859, 275.878906, -578.369141
-1999.755859, 355.468750, -1203.857422
-1900.634766, 128.906250, -160.888672
-1663.330078, -177.490234, 366.699219
-808.837891, -194.091797, 1348.144531
319.824219, -515.380859, 1107.421875
952.636719, -228.271484, 1015.136719
854.492188, -163.818359, 707.031250
389.160156, -455.810547, 257.324219
-,-,-
-1555.419922, -141.845703, -627.197266
-1679.931641, 87.402344, -247.802734
-1769.287109, 649.414062, -322.998047
-1479.736328, 439.453125, 230.468750
-927.490234, 597.656250, 360.839844
-656.982422, 496.093750, 417.968750
-652.587891, 238.281250, 429.687500
-902.099609, 250.976562, -140.380859
-1229.248047, -310.791016, -187.744141
-1208.251953, -1691.650391, 202.148438
-,-,-
-847.412109, -713.623047, -148.681641
-834.716797, -347.412109, -192.138672
-1360.595703, -520.751953, -395.751953
-1999.755859, -445.556641, -1208.740234
-1866.943359, -130.615234, -870.849609
-1386.474609, -87.158203, -637.451172
-1043.701172, -221.435547, -291.259766
-630.126953, -614.990234, 39.062500
-356.689453, -673.583984, 321.289062
-,-,-
-830.810547, -842.041016, -13.427734
-1197.998047, -663.818359, -453.857422
-1429.931641, -399.169922, -445.556641
-1456.298828, -68.115234, -338.134766
-1314.208984, -153.564453, -289.794922
-1428.466797, -63.720703, -399.169922
-1999.755859, -209.716797, -640.380859
-1999.755859, 140.625000, -551.513672
-1999.755859, 12.695312, -220.458984
-1699.462891, -233.154297, 167.968750
-924.560547, -35.400391, 926.757812
-170.166016, 226.562500, 550.781250
586.425781, 488.281250, 667.968750
1335.449219, 606.933594, 1076.171875
1150.878906, 443.359375, 750.000000
466.796875, -23.193359, 765.625000
-,-,-
-1472.900391, -1618.896484, -237.060547
-615.478516, -1736.083984, 614.746094
-246.826172, -1526.123047, 789.062500
-,-,-
-802.978516, -311.279297, -639.404297
-684.326172, 151.855469, -444.580078
-1160.400391, 132.812500, -542.236328
-1850.830078, -163.818359, -777.099609
-1999.755859, 81.054688, -1121.337891
-1780.517578, 7.812500, -692.138672
-1496.337891, 44.921875, -756.591797
-1190.185547, 44.921875, -250.732422
-945.556641, -142.333984, -323.974609
-596.923828, -144.287109, -21.240234
-238.525391, -272.705078, 119.140625
114.746094, -352.294922, 266.601562
229.980469, -545.166016, 101.562500
-34.912109, -858.154297, 25.878906
-759.521484, -1914.306641, -83.740234
-771.240234, -1999.755859, 454.101562
-46.142578, -1820.068359, 995.117188
-,-,-
-430.908203, -357.177734, -74.951172
-822.021484, 61.035156, -479.736328
-957.275391, 559.570312, -894.775391
-1082.275391, 431.640625, -429.443359
-1234.619141, 84.960938, -305.419922
-1162.353516, 32.714844, -103.759766
-1241.455078, -106.201172, -384.521484
-1172.607422, -368.896484, -327.880859
-960.693359, -656.005859, -142.333984
-1407.470703, -1513.916016, -303.466797
-,-,-
-1031.494141, 304.687500, -131.103516
-1061.279297, 507.812500, -24.658203
-1477.294922, 634.277344, -167.724609
-1999.755859, 521.484375, 38.085938
-1999.755859, 433.593750, 189.453125
-1784.912109, 196.289062, 252.929688
-1435.302734, 37.109375, 279.296875
-1006.591797, 0.488281, 567.382812
-652.587891, -324.951172, 569.824219
-326.416016, -315.185547, 589.355469
261.230469, -393.798828, 305.664062
497.070312, -422.119141, 422.851562
-,-,-
-1509.033203, -240.478516, -392.822266
-1999.755859, -133.544922, -1048.583984
-1999.755859, 6.835938, -874.755859
-1660.888672, 69.335938, -594.482422
-1481.689453, -256.591797, -419.677734
-1190.185547, -386.474609, -88.623047
-786.376953, -731.201172, 4.882812
-,-,-
-570.556641, -382.568359, -480.224609
-921.630859, -498.779297, -534.912109
-1590.087891, -593.505859, -1123.779297
-1334.228516, -120.361328, -580.810547
-1321.044922, -690.185547, -527.099609
-1007.568359, -444.091797, -0.244141
-856.201172, -1031.005859, 92.773438
-891.845703, -1357.666016, 25.878906
-951.416016, -1769.287109, 38.085938
-,-,-
49.804688, -1028.564453, 280.761719
184.082031, -900.146484, 573.242188
142.089844, -655.029297, 244.140625
282.226562, -232.177734, 242.187500
546.386719, 265.625000, 288.574219
619.140625, 342.773438, 440.917969
236.816406, 206.054688, 668.945312
-311.279297, -356.201172, 563.476562
-955.322266, -569.091797, 218.750000
-1633.056641, -549.072266, -833.251953
-1795.166016, -867.919922, -710.693359
-1505.126953, -634.033203, -716.552734
-1086.181641, -320.068359, -645.263672
-,-,-
-970.947266, -197.021484, -326.904297
-752.685547, -108.154297, -45.654297
-689.208984, -212.646484, 12.695312
-502.685547, -182.373047, 26.855469
-501.220703, -369.873047, -126.708984
-333.251953, -249.755859, -177.490234
-271.240234, -466.552734, -172.607422
-222.412109, -693.603516, -76.416016
-216.552734, -1052.001953, 323.242188
-90.087891, -1399.169922, 648.925781
2.929688, -1630.126953, 601.562500
174.316406, -1705.810547, 796.875000
305.664062, -1624.755859, 1284.179688
-,-,-
285.644531, 224.609375, 89.843750
-25.146484, 28.808594, 388.183594
-560.791016, 74.218750, 53.222656
-965.087891, 73.242188, 162.109375
-1529.052734, -551.513672, -273.193359
-1999.755859, -302.001953, -513.427734
-1999.755859, -299.560547, -996.826172
-1999.755859, -236.572266, -463.134766
-1849.853516, 372.070312, -615.966797
-1839.599609, 48.828125, -333.251953
-1154.541016, -88.134766, 254.882812
-759.521484, -253.662109, 187.011719
-28.076172, 215.820312, 807.617188
740.722656, 358.398438, 841.796875
1260.253906, 365.722656, 832.519531
-,-,-
-1649.658203, 668.945312, -1218.994141
-1526.611328, 334.472656, -372.802734
-1293.701172, -330.810547, -195.068359
-1200.927734, -462.646484, -137.939453
-1269.287109, -889.404297, -361.083984
-1047.607422, -1031.005859, 279.785156
-899.658203, -1217.041016, 143.554688
-266.845703, -633.056641, 932.128906
328.613281, -828.857422, 917.968750
-19.287109, -992.431641, 664.062500
-467.529297, -1001.708984, 557.617188
-597.900391, -768.310547, 442.382812
-,-,-
-1855.712891, -217.529297, -619.873047
-1857.177734, -17.333984, -250.732422
-1802.001953, -358.154297, -657.958984
-1282.470703, 10.742188, 201.660156
-1201.416016, -476.318359, -355.224609
-776.123047, 64.941406, 417.968750
-417.724609, -193.115234, -153.564453
-213.134766, -51.513672, -258.056641
145.507812, 55.664062, -11.474609
662.109375, 66.406250, 277.832031
907.714844, -92.529297, 684.570312
588.867188, -477.294922, 559.570312
-,-,-
-728.271484, -1631.103516, 503.906250
-705.810547, -891.357422, -188.720703
-586.669922, -313.232422, -71.533203
-1055.419922, 20.507812, -497.314453
-1513.916016, 520.507812, -661.865234
-1621.337891, 501.953125, -612.060547
-1387.451172, 676.757812, -370.849609
-1265.869141, 242.675781, -387.939453
-1065.673828, 66.406250, 32.226562
-1054.443359, -361.083984, 85.937500
-1227.294922, -844.970703, 24.902344
-1149.169922, -1139.404297, 412.109375
-,-,-
-643.798828, -847.900391, -195.068359
-917.236328, -1323.486328, -101.806641
-966.552734, -1090.087891, -121.826172
-1019.775391, -1343.505859, -221.435547
-1206.298828, -1391.845703, -486.083984
-1084.228516, -1790.283203, -278.564453
-892.333984, -1692.626953, 84.960938
-581.298828, -1529.052734, 366.210938
-293.212891, -1389.892578, 375.976562
-55.908203, -984.130859, 760.742188
317.871094, -809.326172, 809.570312
559.570312, -630.126953, 1093.261719
358.398438, -595.458984, 1078.125000
148.925781, -415.771484, 875.976562
131.347656, -84.716797, 770.507812
-195.068359, 191.406250, 614.257812
-,-,-
-1454.345703, 110.351562, -718.505859
-1177.001953, 148.925781, -367.919922
-1041.259766, 3.906250, -261.962891
-881.591797, 18.554688, -181.884766
-767.333984, -96.923828, -110.107422
-570.556641, -246.826172, 81.542969
-456.787109, -466.552734, 152.343750
-313.232422, -781.005859, 323.242188
-214.111328, -1111.083984, 398.437500
-138.427734, -1611.083984, 563.476562
-9.033203, -1633.056641, 495.605469
-,-,-
-1087.158203, -1192.138672, -335.205078
-1471.923828, -1100.341797, -918.212891
-1012.451172, -230.712891, -840.576172
-128.662109, 22.460938, -60.302734
93.261719, -47.607422, 32.226562
238.769531, 75.195312, 304.687500
234.375000, -31.494141, 243.164062
-7.080078, -289.794922, 46.875000
-97.900391, -385.498047, 145.507812
-485.595703, -461.669922, -50.048828
-745.849609, -462.646484, -224.365234
-1328.369141, -812.744141, -565.673828
-1412.841797, -1481.689453, -332.275391
-,-,-
-686.767578, -445.068359, -245.849609
-809.326172, -201.904297, -150.146484
-1094.482422, 60.546875, -146.240234
-1478.759766, 481.445312, -127.197266
-1559.326172, 739.257812, -272.216797
-1220.458984, 781.250000, -86.669922
-874.267578, 353.515625, 81.054688
-796.142578, -118.896484, -45.654297
-856.201172, -773.193359, 72.265625
-869.384766, -1206.787109, 100.097656
-883.544922, -1849.853516, 253.906250
-706.298828, -1999.755859, 276.367188
-280.029297, -1816.650391, 193.359375
-55.908203, -1613.037109, 686.523438
-332.763672, -1564.208984, 302.734375
-1090.087891, -1603.759766, -13.427734
-,-,-
-1246.826172, -202.880859, -384.033203
-1905.517578, -819.580078, -442.626953
-1999.755859, -702.392578, -796.630859
-1999.755859, -429.443359, -519.775391
-1999.755859, -301.513672, -768.310547
-1834.228516, 208.984375, -235.595703
-1607.666016, 127.929688, -432.373047
-1155.517578, 268.554688, 242.187500
-534.423828, 297.851562, 455.078125
-38.818359, 226.562500, 374.023438
504.394531, 95.703125, 355.468750
899.414062, -104.248047, 484.863281
1019.042969, -876.708984, 776.855469
-141.357422, -1004.638672, 275.390625
-1999.755859, -725.830078, -760.498047
-,-,-
-754.638672, -616.943359, -405.029297
-929.931641, -354.248047, -14.404297
-1387.451172, -128.662109, -537.841797
-1894.775391, 37.109375, -741.943359
-1999.755859, 83.984375, -1040.283203
-1999.755859, 168.945312, -823.974609
-1926.513672, -98.388672, -803.955078
-1494.384766, -269.775391, -289.306641
-634.033203, -160.888672, 165.039062
-131.103516, -199.951172, 375.000000
402.343750, -131.591797, 797.363281
464.843750, -193.115234, 332.519531
-,-,-
122.070312, -1794.189453, 908.691406
151.367188, -1999.755859, 939.453125
-291.748047, -1202.880859, 266.113281
-582.763672, -1044.677734, 184.082031
-851.806641, -544.189453, 228.027344
-1157.958984, -49.560547, -52.978516
-1585.693359, 434.570312, -447.509766
-1743.896484, 687.500000, -635.498047
-1538.818359, 785.156250, -325.927734
-1156.005859, 759.765625, -155.517578
-874.267578, 468.750000, 0.000000
-869.384766, 258.789062, 104.980469
-885.009766, -27.587891, 63.476562
-907.470703, -288.818359, 165.039062
-1178.955078, -1089.111328, 197.265625
-,-,-
-207.275391, -1007.568359, 338.867188
-191.650391, -891.357422, 41.015625
97.656250, -621.826172, 175.781250
272.460938, -233.154297, 327.148438
247.070312, -426.513672, 700.683594
-129.150391, -154.052734, 392.578125
-651.611328, 352.539062, 329.101562
-1171.142578, 53.710938, -49.560547
-1711.181641, 808.593750, -907.958984
-1675.537109, 496.093750, -414.306641
-1999.755859, -188.232422, -845.458984
-,-,-
-667.236328, -89.111328, -89.599609
-603.271484, -240.478516, 9.765625
-547.607422, -377.685547, 41.015625
-495.361328, -549.560547, 275.390625
-272.705078, -729.248047, 335.449219
-441.162109, -1230.224609, 1.953125
-523.681641, -1985.107422, 376.953125
-457.763672, -1999.755859, 496.582031
40.527344, -1701.904297, 999.023438
522.949219, -1302.978516, 1152.343750
553.222656, -1132.568359, 957.031250
378.417969, -1043.701172, 750.488281
-,-,-
-275.634766, 88.867188, -593.505859
-250.732422, 408.203125, -123.779297
-805.908203, -557.861328, -6.103516
-1100.830078, 17.578125, -53.955078
-1119.384766, 195.312500, -153.564453
-1584.716797, 191.406250, -150.634766
-1909.912109, 294.921875, -377.685547
-1971.923828, 241.210938, -568.603516
-,-,-
529.296875, -143.798828, 287.597656
-616.455078, -333.251953, -190.185547
-1763.916016, -469.482422, -563.232422
-1754.638672, -487.060547, -102.783203
-1217.041016, -481.689453, 422.851562
-871.826172, -407.958984, 464.355469
-648.193359, -761.474609, 302.734375
-328.857422, -1228.271484, 305.664062
21.972656, -1432.373047, 297.851562
366.699219, -1302.001953, 477.539062
477.050781, -1459.716797, 174.804688
719.726562, -1117.431641, -160.888672
1077.148438, -837.646484, -45.166016
1405.273438, -1049.560547, 474.609375
1434.570312, -1197.021484, 1006.835938
902.343750, -720.458984, 1299.316406
-361.083984, -975.341797, 696.777344
-1348.388672, -223.388672, -14.892578
-1999.755859, -1314.208984, -1045.654297
-1999.755859, -736.083984, -1065.673828
-1758.056641, -782.470703, -277.587891
-1295.654297, -747.802734, 108.398438
-406.494141, -750.732422, -176.513672
866.699219, -1221.435547, 73.730469
1895.996094, -904.541016, 1419.433594
1628.417969, -774.169922, 1533.691406
895.507812, -172.607422, 896.484375
-,-,-
-487.060547, -1339.599609, -440.673828
-171.630859, -1063.720703, 41.015625
-117.919922, -721.435547, 95.703125
-108.642578, -423.095703, 272.460938
-49.560547, 89.355469, 281.250000
-160.400391, 417.968750, 268.554688
-888.916016, 572.265625, 254.394531
-1585.693359, 518.554688, 64.453125
-1999.755859, 278.320312, -415.283203
-1999.755859, 59.570312, -241.943359
-1999.755859, -192.138672, -177.490234
-1858.154297, -810.302734, 68.359375
-1742.431641, -1205.810547, 322.265625
-1650.146484, -1835.693359, 583.984375
-983.642578, -1999.755859, 988.281250
-306.396484, -1408.935547, 1221.679688
247.558594, -989.990234, 992.187500
84.472656, -747.802734, 755.859375
-,-,-
-1494.384766, 122.558594, -796.630859
-1739.013672, 179.199219, -49.072266
-1801.513672, 272.949219, -135.986328
-1483.154297, 232.421875, -67.626953
-1071.533203, 686.523438, 254.394531
-1055.419922, 550.781250, -92.529297
-1244.873047, 64.453125, 22.949219
-1592.041016, -912.353516, 160.156250
-1361.572266, -1244.873047, 444.335938
-671.630859, -1955.810547, 958.007812
-416.259766, -1678.466797, 771.484375
-654.052734, -1152.099609, 350.585938
-1090.576172, -497.802734, 201.171875
-1647.705078, -97.412109, -25.634766
-1999.755859, 180.175781, -255.126953
-,-,-
-1978.759766, 432.617188, -204.345703
-1413.330078, 113.281250, -125.732422
-1058.837891, 130.859375, 127.441406
-584.716797, -33.935547, 269.531250
-,-,-
85.937500, -1259.033203, 339.355469
-262.939453, -1131.591797, -21.728516
-734.619141, -898.193359, -30.029297
-1450.927734, -816.650391, -552.001953
-1460.693359, -810.302734, -531.982422
-1594.482422, -198.974609, -723.388672
-1275.634766, -38.330078, -305.419922
-1449.951172, 13.671875, -615.966797
-1262.451172, 58.593750, -322.998047
-1050.048828, 112.304688, -347.412109
-914.306641, 198.242188, -575.439453
-,-,-
-781.982422, -589.599609, 80.566406
-706.298828, -945.068359, 334.472656
-523.681641, -1237.060547, 450.195312
22.949219, -1195.068359, 685.546875
143.066406, -1291.748047, 129.394531
-269.775391, -1731.201172, -475.341797
121.093750, -1805.419922, -101.806641
177.734375, -1431.396484, -162.841797
297.851562, -1058.837891, 210.937500
-,-,-
-1761.474609, 108.398438, -482.177734
-1915.771484, 242.187500, -802.490234
-1583.251953, 276.367188, -529.052734
-1286.376953, 41.015625, -301.513672
-1300.048828, -469.482422, -406.982422
-1337.158203, -1011.474609, -164.794922
-1285.400391, -1821.044922, 200.683594
-712.646484, -1999.755859, 784.179688
-168.212891, -1865.966797, 675.292969
271.484375, -1353.271484, 916.992188
203.613281, -1019.287109, 675.292969
1.464844, -541.259766, 948.242188
-281.982422, -218.505859, 884.765625
-907.958984, 381.835938, 577.636719
-1999.755859, 919.921875, -1773.193359
-1999.755859, 388.671875, -1999.755859
-1748.291016, -228.271484, -1128.662109
-523.193359, -681.396484, 183.105469
636.718750, -1623.779297, 1630.859375
1715.332031, -1782.470703, 1999.755859
-236.572266, -816.650391, 279.785156
-1999.755859, 355.957031, -1882.568359
-1992.431641, -935.791016, -1171.142578
-,-,-
-1494.384766, -113.037109, -1046.142578
-1999.755859, 166.992188, -1132.568359
-1605.224609, 30.761719, -766.357422
-1042.236328, -512.939453, -468.994141
-467.041016, -1409.912109, 73.730469
-116.943359, -1999.755859, 1074.218750
678.710938, -1993.408203, 1656.250000
885.742188, -847.900391, 907.714844
325.683594, -527.099609, 45.410156
-7.080078, -303.466797, -150.634766
-,-,-
-630.126953, -152.099609, -621.337891
-882.080078, -288.818359, -554.443359
-1079.833984, -469.482422, -311.767578
-1431.396484, -393.798828, -752.197266
-1600.830078, -532.958984, -984.619141
-1416.259766, -1146.728516, -489.990234
-1022.216797, -1287.841797, -72.021484
-898.193359, -1835.693359, 856.933594
-,-,-
-813.720703, -555.908203, -281.494141
-1122.314453, -247.314453, -648.681641
-1610.107422, 348.632812, -1395.751953
-1839.599609, 245.605469, -1299.072266
-1469.482422, -373.779297, -602.783203
-684.814453, -598.876953, 397.460938
305.664062, -554.443359, 916.015625
1244.140625, 258.789062, 1726.562500
712.890625, 60.058594, 1083.496094
-820.068359, -558.349609, -1099.853516
-1619.873047, -872.314453, -1128.662109
-1699.951172, -945.068359, -1634.033203
-525.634766, -1034.912109, -251.220703
850.097656, -1210.205078, 1400.878906
-,-,-
-976.806641, -928.466797, -211.181641
-1135.498047, -605.712891, 312.988281
-1743.896484, -688.720703, 128.417969
-1752.685547, -823.974609, 447.265625
-1396.240234, -415.771484, 275.390625
-975.341797, -556.396484, 265.136719
-336.181641, -219.482422, 666.015625
342.285156, -405.029297, 432.617188
445.800781, -300.048828, 391.601562
140.625000, -742.919922, 956.054688
-322.509766, -953.857422, 891.601562
-729.736328, -1027.587891, 580.078125
-,-,-
-1074.951172, 88.867188, 305.664062
-940.673828, -211.181641, 772.460938
-673.095703, -132.568359, 1014.648438
-468.017578, -11.474609, 933.105469
-337.646484, -42.724609, 816.406250
-645.751953, -427.001953, 1412.109375
-322.021484, -107.177734, 666.015625
-357.666016, -236.083984, 884.277344
-348.388672, -161.865234, 910.156250
-420.654297, -169.677734, 870.117188
-453.369141, -146.240234, 887.695312
-395.751953, -156.005859, 916.992188
-448.974609, -159.912109, 849.609375
-382.080078, -155.029297, 895.507812
-426.513672, -160.888672, 877.929688
-435.302734, -164.794922, 878.906250
-412.353516, -142.333984, 882.324219
-418.212891, -153.076172, 879.882812
-439.208984, -164.794922, 867.187500
-436.279297, -157.958984, 882.324219
-451.416016, -159.912109, 871.093750
-437.744141, -157.958984, 859.863281
-415.771484, -154.052734, 921.875000
-,-,-
-673.583984, 112.304688, 670.410156
-738.525391, -36.865234, 282.714844
-719.482422, 138.671875, 310.058594
-738.525391, -159.912109, 562.988281
-837.158203, -360.595703, 561.523438
-933.837891, -261.962891, 690.429688
-1331.787109, -602.294922, 537.109375
-1377.197266, -372.802734, 708.984375
-1603.271484, -808.349609, 591.308594
-984.130859, -603.759766, 41.503906
-215.087891, -492.919922, -42.724609
488.281250, -784.912109, 666.015625
630.859375, -1015.380859, 1639.160156
682.128906, -960.693359, 1999.755859
498.046875, -358.642578, 1350.097656
-352.294922, -102.294922, 562.500000
-1452.392578, 116.210938, -223.388672
-1999.755859, 288.085938, -1999.755859
-1385.498047, 23.437500, -805.908203
-983.154297, -306.396484, -1051.513672
-338.623047, -821.533203, -21.728516
3.906250, -1846.923828, 879.882812
-197.509766, -1999.755859, 923.828125
-,-,-
-1476.806641, -143.310547, -400.146484
-1656.494141, -84.716797, -388.427734
-1352.783203, -20.263672, -412.841797
-1184.814453, -115.966797, -380.615234
-906.005859, -214.111328, -68.115234
-914.306641, -794.677734, -264.404297
-602.783203, -1128.662109, 150.390625
-267.822266, -1085.205078, 269.531250
240.234375, -944.580078, 686.523438
-,-,-
437.011719, -824.951172, 308.593750
257.812500, -739.013672, 239.746094
-130.126953, -382.568359, -128.173828
-456.787109, 83.007812, -207.275391
-1537.353516, 236.328125, -1072.509766
-,-,-
-1081.298828, 190.429688, 270.507812
-1507.080078, 222.656250, -144.287109
-1426.513672, 210.449219, 43.457031
-1622.314453, -238.037109, -289.794922
-1077.880859, -148.681641, 417.480469
-1018.798828, -753.173828, -246.826172
-458.251953, -585.693359, 496.582031
41.992188, -946.533203, 82.519531
139.648438, -1306.396484, 637.695312
10.253906, -1438.232422, 546.386719
169.921875, -1343.505859, 434.570312
228.515625, -1093.994141, 445.312500
191.406250, -937.744141, 444.335938
7.324219, -790.771484, 160.156250
-27.099609, -661.865234, 217.773438
-184.814453, -605.224609, 163.085938
-438.720703, -311.279297, 13.671875
-780.517578, 119.140625, -78.369141
-,-,-
-853.759766, -1090.087891, 259.277344
-928.466797, -1905.517578, 562.500000
-975.341797, -1406.982422, 167.968750
-1008.056641, -759.033203, -86.669922
-1063.232422, -586.669922, -121.826172
-1275.146484, -462.646484, -266.357422
-1190.185547, 6.835938, -91.552734
-1204.833984, -175.537109, -239.013672
-1130.126953, -176.513672, -54.931641
-897.216797, -15.380859, 308.105469
-557.373047, 128.906250, 204.589844
-712.646484, -231.201172, 154.785156
-,-,-
220.703125, -796.630859, 627.929688
-695.556641, -1138.427734, -131.103516
-893.310547, -864.990234, -99.365234
-820.556641, -297.607422, 104.980469
-1089.111328, -373.779297, 418.457031
-1029.052734, -577.392578, 627.441406
-845.947266, -376.708984, 1044.921875
-888.427734, -289.794922, 650.878906
-934.326172, -342.529297, 548.339844
-729.736328, -197.021484, 761.718750
-683.349609, -337.646484, 617.187500
-640.380859, -351.318359, 592.285156
-592.529297, -393.798828, 704.101562
-607.177734, -453.369141, 638.671875
-665.283203, -389.892578, 642.089844
-696.533203, -394.287109, 633.789062
-680.419922, -360.595703, 608.398438
-709.716797, -358.154297, 594.238281
-695.068359, -357.177734, 665.039062
-686.767578, -368.896484, 645.019531
-642.333984, -413.818359, 711.914062
-726.806641, -435.302734, 574.707031
-675.537109, -438.232422, 781.738281
-,-,-
-1258.544922, -429.931641, -736.083984
-1328.369141, -943.603516, 160.156250
-1591.064453, -1328.857422, -173.583984
-1179.443359, -650.146484, 301.757812
-756.591797, -486.572266, -56.884766
-401.123047, -328.857422, 40.039062
24.902344, -162.841797, -13.427734
345.703125, -43.701172, -23.193359
1048.339844, 385.742188, 412.597656
1230.957031, 501.953125, 705.078125
422.851562, -126.708984, 786.132812
-702.880859, -795.654297, 321.289062
-1551.025391, -1238.525391, -124.267578
-1603.271484, -988.037109, -535.888672
-1696.533203, -1338.623047, -770.263672
-1313.720703, -1555.419922, -121.826172
-994.384766, -1695.068359, 531.250000
-,-,-
-672.607422, -569.091797, 130.859375
-1147.705078, -404.052734, -188.232422
-1529.541016, -45.654297, -663.818359
-1999.755859, 53.710938, -966.552734
-1999.755859, 604.980469, -1334.228516
-1727.294922, 638.183594, -467.041016
-1262.939453, 73.242188, 201.660156
-1111.572266, -834.716797, 596.191406
-732.666016, -1621.826172, 987.792969
-2.197266, -1523.193359, 847.656250
1017.089844, -1026.611328, 729.492188
1535.644531, -514.892578, 739.257812
1355.468750, -715.576172, 671.875000
-,-,-
-946.533203, -253.662109, -599.853516
-1651.123047, 171.875000, -741.943359
-1930.908203, 263.671875, -1203.857422
-1700.927734, 72.265625, -797.119141
-1267.333984, -276.611328, -386.962891
-714.599609, -778.076172, 166.015625
-295.166016, -1100.341797, 361.816406
-354.248047, -1617.919922, 678.710938
-354.736328, -1999.755859, 569.824219
-295.166016, -1858.154297, 342.773438
-13.427734, -1795.654297, 644.531250
-,-,-
-874.267578, 135.742188, -779.541016
-1356.201172, -192.138672, -613.037109
-1985.595703, -159.912109, -1053.466797
-1999.755859, -302.001953, -1028.076172
-1467.529297, -330.322266, -632.568359
-651.123047, -42.724609, -37.841797
-34.423828, -30.517578, 56.152344
330.078125, -37.841797, 467.285156
411.132812, -312.255859, 451.171875
304.687500, -413.818359, 337.402344
-158.447266, -672.607422, 78.613281
-749.755859, -942.138672, -239.990234
-1099.365234, -1164.794922, -778.564453
-1297.607422, -1349.365234, -1054.443359
-,-,-
-177.978516, -486.572266, 538.085938
-406.494141, -379.638672, 122.558594
-677.001953, -97.412109, -232.666016
-1095.458984, -149.658203, -558.349609
-1805.908203, -129.638672, -1001.708984
-1942.626953, -400.146484, -1072.509766
-1666.748047, -214.599609, -715.576172
-1237.548828, -103.271484, -458.740234
-816.162109, -72.998047, -167.724609
-435.791016, -152.099609, -229.248047
-120.361328, -324.951172, 134.765625
174.316406, -469.482422, 62.500000
324.218750, -690.185547, 179.199219
480.468750, -678.466797, 458.007812
-638.427734, -1440.673828, -189.208984
-958.740234, -1999.755859, -27.587891
-,-,-
-308.837891, -55.419922, -73.974609
-963.134766, -157.958984, -622.314453
-1126.708984, 61.035156, 194.335938
-1720.947266, 113.769531, -219.482422
-1869.384766, 144.531250, -315.673828
-1482.666016, 362.792969, 508.789062
-1586.669922, 123.535156, 220.703125
-1141.357422, 304.687500, 541.992188
-927.490234, -101.318359, 442.871094
-706.298828, -222.412109, 551.757812
-585.693359, -761.474609, 420.898438
-362.060547, -1164.794922, 323.242188
-105.224609, -1411.865234, 420.898438
-149.169922, -1854.248047, -131.103516
-62.255859, -1620.849609, 166.503906
-,-,-
-440.673828, 19.531250, -61.279297
-878.662109, -523.193359, -156.494141
-1490.966797, -171.630859, -563.232422
-1965.087891, -672.607422, -638.427734
-1729.248047, -204.833984, -528.076172
-1292.724609, -361.083984, -400.146484
-731.689453, -204.833984, 165.039062
-436.767578, -564.208984, -274.169922
-114.013672, -550.537109, 9.765625
146.972656, -793.212891, 6.835938
456.054688, -780.029297, 267.089844
809.082031, -857.177734, 411.132812
1176.269531, -840.576172, 1219.238281
1081.542969, -1051.513672, 1174.804688
-,-,-
-441.162109, -381.591797, 175.292969
-889.404297, -13.427734, -727.783203
-1366.943359, -431.396484, -656.982422
-1466.552734, -488.037109, -637.451172
-1285.400391, -618.896484, -385.498047
-1227.294922, -1072.021484, -396.728516
-460.205078, -601.806641, -1025.146484
-835.205078, -1540.771484, -222.412109
-1034.423828, -1562.255859, -124.755859
-827.392578, -1784.423828, 374.023438
-490.966797, -1528.076172, 713.867188
-230.712891, -1457.763672, 602.539062
207.519531, -991.943359, 846.679688
373.046875, -839.599609, 625.976562
299.804688, -706.787109, 623.535156
145.507812, -542.236328, 700.683594
-,-,-
-1820.556641, 627.929688, -978.271484
-1577.392578, 254.882812, -903.564453
-1216.064453, -349.365234, -299.560547
-1359.130859, -1211.181641, -54.931641
-1527.587891, -1687.255859, 63.476562
-1271.728516, -1971.435547, 273.437500
-624.755859, -1452.392578, 512.695312
-72.998047, -1093.505859, 709.960938
-196.044922, -819.580078, 463.867188
-645.751953, -474.365234, -63.232422
-1447.509766, 146.972656, -1427.001953
-1838.623047, -74.951172, -1543.701172
-1690.185547, -133.544922, -1232.177734
-1165.771484, 27.343750, -152.587891
-600.341797, -131.591797, -70.068359
-238.037109, -75.927734, 202.636719
294.433594, -312.255859, 291.015625
591.796875, -348.388672, 325.195312
660.644531, -470.458984, 677.246094
463.378906, -993.896484, 171.875000
-,-,-
-1544.189453, -169.677734, -495.361328
-1662.353516, -284.912109, -408.935547
-1358.642578, -170.654297, -297.607422
-874.267578, 8.789062, 117.187500
-444.580078, 67.382812, 28.808594
-268.798828, 34.179688, 81.542969
-490.478516, -177.978516, -241.943359
-924.560547, -263.427734, -464.111328
-1439.697266, -976.318359, -451.904297
-1451.904297, -1825.927734, 32.714844
-1216.552734, -1972.412109, 494.628906
-795.166016, -1557.373047, 565.917969
-160.888672, -1211.181641, 868.164062
92.285156, -848.388672, 809.082031
-,-,-
-1556.884766, 232.421875, -1332.763672
-1297.119141, -3.662109, -836.669922
-785.400391, -456.787109, -363.525391
-830.810547, -1386.962891, -164.794922
-1022.216797, -1783.447266, -87.646484
-1140.380859, -1176.025391, -204.345703
-1551.513672, -624.755859, -977.783203
-1411.865234, -604.736328, -496.337891
-1171.630859, -188.720703, -628.173828
-836.669922, -357.177734, -284.423828
-721.435547, -333.251953, -94.482422
-344.970703, -321.044922, 120.605469
-202.880859, -449.951172, 142.578125
-109.619141, -311.279297, 28.320312
-181.884766, -333.251953, -83.740234
-966.064453, -853.759766, -474.853516
-1455.322266, -1999.755859, 284.667969
-,-,-
-183.837891, -342.529297, -169.677734
-337.646484, -279.052734, -122.802734
-480.712891, -171.630859, -76.416016
-1241.455078, -611.572266, -648.681641
-1581.298828, -460.693359, -1040.283203
-1805.908203, -384.521484, -813.232422
-1701.416016, -302.001953, -739.013672
-1250.732422, -181.884766, -531.005859
-1037.841797, -502.685547, -405.029297
-569.580078, -510.986328, 56.640625
-231.689453, -581.787109, 190.429688
290.039062, -409.912109, 796.875000
871.582031, -146.728516, 953.125000
1078.125000, -97.412109, 643.554688
604.492188, -485.107422, 199.218750
-187.255859, -1606.689453, -399.169922
-175.048828, -1583.740234, -153.564453
-69.091797, -1357.666016, 35.156250
-,-,-
302.246094, -1019.287109, 537.109375
363.281250, -721.435547, 316.406250
443.847656, -571.044922, 257.324219
299.804688, -453.369141, 448.242188
-12.451172, -499.755859, 510.742188
-167.724609, -119.384766, 214.843750
-559.814453, 205.078125, 87.890625
-1230.224609, 62.500000, -339.111328
-1591.064453, -114.990234, -287.353516
-1989.990234, -529.052734, -512.939453
-1999.755859, -814.697266, -589.599609
-1381.591797, -886.474609, -173.583984
-919.189453, -1193.115234, -200.927734
-923.095703, -1383.544922, 175.292969
-923.095703, -1928.955078, 551.757812
-906.005859, -1999.755859, 872.070312
-456.787109, -1262.451172, 938.964844
-425.048828, -956.787109, 312.011719
-,-,-
-1225.341797, 19.531250, -669.189453
-1277.099609, -388.916016, -433.349609
-1746.826172, -1075.927734, -893.310547
-1999.755859, -1201.904297, -382.568359
-1958.740234, -1134.521484, -572.509766
-1473.388672, -568.115234, 195.312500
-759.033203, -369.873047, 470.214844
20.996094, -79.833984, 716.796875
226.562500, -18.310547, 446.289062
496.093750, -9.521484, 412.597656
786.621094, 10.742188, 530.273438
698.730469, -61.279297, 563.476562
-320.556641, -574.462891, 196.777344
-1346.435547, -1046.630859, -1169.189453
-1662.353516, -992.919922, -1044.189453
-1299.560547, -1670.654297, -886.962891
-1106.689453, -1874.267578, 207.519531
-,-,-
581.542969, -359.619141, 770.507812
451.660156, 7.812500, 752.441406
-708.251953, -146.240234, 466.308594
-1119.873047, -165.771484, 349.609375
-1551.025391, 71.289062, 346.679688
-1999.755859, 510.742188, -544.189453
-1999.755859, 435.546875, -947.998047
-1861.572266, 502.929688, 47.851562
-1476.806641, 237.304688, 291.992188
-1198.486328, 72.265625, 262.207031
-814.208984, -18.310547, 182.128906
-216.552734, -236.083984, 108.886719
146.484375, -395.751953, 226.562500
29.296875, -1139.404297, 72.265625
-422.119141, -1465.576172, -206.298828
-597.412109, -1999.755859, 350.585938
-259.521484, -1999.755859, 295.898438
359.863281, -1610.107422, 1139.648438
625.488281, -1436.279297, 1132.812500
-,-,-
-1310.302734, 24.902344, -641.357422
-1682.373047, 446.289062, -899.169922
-1592.041016, 384.765625, -564.208984
-1381.591797, 260.742188, -369.873047
-1103.271484, -145.263672, -258.544922
-910.888672, -710.693359, -292.724609
-352.294922, -968.017578, -282.958984
-259.033203, -1827.880859, 206.542969
-124.755859, -1999.755859, 1640.136719
-,-,-
25.390625, -369.873047, 125.000000
-201.416016, -351.318359, -285.400391
-234.619141, -331.298828, -69.091797
-519.775391, -90.087891, -312.744141
-921.142578, -231.201172, -687.255859
-1103.759766, -185.791016, -757.080078
-1382.568359, -449.462891, -677.978516
-1352.783203, -805.419922, -463.623047
-1312.744141, -370.849609, -607.177734
-759.521484, -845.458984, -469.970703
-174.072266, -1181.884766, 256.347656
-234.130859, -1061.279297, 391.113281
127.929688, -1406.982422, 1692.871094
715.332031, -1297.607422, 1748.046875
524.902344, -1116.943359, 1038.574219
354.492188, -804.443359, 326.171875
302.246094, -770.263672, 86.914062
-,-,-
-817.626953, -818.603516, -666.748047
-919.677734, -407.958984, -644.775391
-1185.791016, -211.181641, -953.857422
-1346.923828, -118.896484, -952.880859
-1640.380859, -496.826172, -1290.771484
-1486.572266, -981.201172, -990.478516
-1195.068359, -1079.833984, -233.154297
-248.291016, -644.287109, 550.292969
707.519531, -143.310547, 1193.847656
683.593750, 32.226562, 528.320312
348.144531, -69.091797, 178.710938
131.835938, -56.884766, -141.357422
-162.841797, -300.048828, -308.837891
-422.119141, -774.169922, -433.349609
-749.267578, -1369.384766, -707.275391
-,-,-
-1454.345703, 245.117188, -662.841797
-1353.759766, 74.218750, -536.865234
-1135.498047, -13.427734, -238.525391
-1007.568359, -144.287109, -247.802734
-863.037109, -236.083984, -356.201172
-896.728516, -299.560547, -278.076172
-855.224609, -364.013672, -368.408203
-898.681641, -444.091797, -79.345703
-771.728516, -735.107422, 218.750000
-644.775391, -847.900391, -67.138672
-513.427734, -1198.974609, 199.218750
-473.876953, -1182.861328, 130.371094
-376.220703, -1325.927734, 366.699219
-378.662109, -1313.232422, 582.031250
-,-,-
-1355.224609, 416.015625, -854.736328
-1443.603516, 569.335938, -969.970703
-1096.923828, 303.710938, -359.130859
-1035.400391, 144.531250, -240.966797
-785.400391, -114.990234, -140.380859
-876.220703, -105.224609, -620.361328
-908.447266, -378.662109, -602.294922
-1028.564453, -635.009766, -480.224609
-1184.326172, -1513.916016, -206.298828
-743.896484, -1445.068359, 1009.765625
-,-,-
-231.689453, 250.976562, -823.974609
-396.728516, -133.544922, -318.603516
-529.052734, -153.076172, -352.294922
-734.619141, -210.205078, -356.201172
-967.529297, -853.271484, -492.431641
-821.044922, -1135.498047, -509.521484
-658.447266, -1435.302734, -615.966797
-,-,-
-167.724609, -5.615234, -345.458984
-388.427734, -398.193359, -135.986328
-595.947266, -422.119141, -340.576172
-648.193359, -366.943359, -209.228516
-1056.884766, -800.048828, -532.958984
-1291.259766, -775.146484, -601.318359
-1425.048828, -546.142578, -1257.568359
-1258.056641, -1119.384766, -687.255859
-856.201172, -1342.529297, -2.197266
-185.791016, -1315.185547, 1286.621094
-,-,-
-1297.607422, 215.332031, -423.583984
-1338.623047, 208.007812, -369.384766
-1249.755859, 356.445312, -187.255859
-1305.419922, 48.339844, -377.685547
-1392.822266, -80.322266, -317.626953
-1272.705078, -566.650391, -214.599609
-1034.912109, -614.990234, 388.183594
-481.201172, -844.482422, 621.582031
187.500000, -539.306641, 847.656250
808.593750, 14.648438, 1266.601562
847.656250, -332.275391, 956.054688
631.835938, -703.369141, 926.757812
479.003906, -972.412109, 914.062500
-,-,-
-1252.685547, 170.898438, -808.349609
-995.361328, 120.605469, -406.982422
-714.111328, -23.193359, -81.787109
-708.251953, -229.248047, -182.861328
-783.935547, -563.232422, -367.919922
-631.591797, -1183.349609, -150.634766
-259.521484, -1638.427734, 453.125000
152.343750, -1985.107422, 1548.828125
-,-,-
-360.595703, -620.849609, 178.222656
-383.544922, -363.525391, -276.123047
-321.044922, -204.833984, 105.957031
-597.900391, 121.582031, -142.333984
-994.384766, 380.859375, -334.228516
-1404.052734, 87.890625, -346.435547
-1828.369141, 162.109375, -752.197266
-1855.224609, -48.583984, -907.470703
-1461.669922, -354.248047, -800.537109
-976.806641, -993.896484, -162.841797
-636.474609, -1322.021484, 163.085938
-275.146484, -1892.333984, 1999.755859
166.015625, -1999.755859, 1999.755859
-144.287109, -897.216797, 743.164062
-,-,-
-1273.681641, -367.919922, 219.726562
-645.751953, -618.896484, -113.037109
-620.849609, -737.060547, -197.998047
-402.587891, -580.810547, -328.857422
-131.591797, -184.326172, -197.021484
225.585938, 111.328125, 221.679688
437.011719, 10.742188, 149.414062
680.664062, -89.111328, 513.671875
513.183594, -580.810547, 823.242188
83.984375, -1379.638672, 560.546875
-590.087891, -1999.755859, 143.554688
-1093.505859, -1999.755859, 54.199219
-1912.841797, -1623.779297, -549.560547
-1999.755859, -897.216797, -802.001953
-1968.994141, -317.138672, -513.427734
-1528.564453, 304.687500, -739.013672
-1113.525391, 470.703125, -7.080078
-611.083984, 242.675781, -199.951172
-324.462891, -101.318359, 45.898438
-62.255859, -396.728516, 134.765625
345.703125, -908.447266, 512.695312
1072.753906, -1354.248047, 1356.933594
941.406250, -1813.720703, 1672.851562
65.917969, -1999.755859, 546.386719
-503.662109, -1486.572266, 67.382812
-1193.603516, -851.806641, -601.806641
-1962.646484, -628.662109, -1067.626953
-,-,-
-683.837891, -292.724609, -244.873047
-944.580078, -847.900391, -652.587891
-977.783203, -1492.919922, -248.779297
-656.005859, -1997.314453, -60.302734
-255.126953, -1999.755859, 665.039062
137.207031, -1684.326172, 1171.875000
233.398438, -964.111328, 1011.718750
-68.115234, -504.638672, 601.562500
-466.064453, -163.818359, 399.414062
-1160.888672, 90.332031, -96.435547
-1738.525391, 688.476562, -1026.123047
-1757.568359, 420.898438, -1265.380859
-1425.537109, 215.820312, -814.208984
-1131.103516, -334.228516, -373.779297
-1271.240234, -1403.564453, 54.687500
-1441.162109, -1999.755859, 167.968750
-1190.185547, -1673.583984, 662.597656
-593.505859, -1076.904297, 559.570312
-,-,-
-1139.404297, 131.835938, -905.517578
-715.087891, -1129.150391, -245.849609
-2.197266, -1725.830078, 319.335938
-137.451172, -1793.701172, -45.654297
-708.251953, -1163.818359, -349.365234
-1302.001953, -572.021484, -760.009766
-1573.486328, -485.107422, -758.544922
-1481.201172, -320.068359, -623.291016
-1096.435547, -183.349609, -472.900391
-632.568359, -46.630859, -92.529297
-176.025391, -122.314453, 26.367188
-130.615234, -650.146484, 90.820312
-95.947266, -1064.697266, -13.427734
10.253906, -1693.603516, 167.968750
513.183594, -1811.279297, 1023.437500
639.648438, -1423.095703, 1094.238281
276.855469, -972.412109, 573.730469
-73.486328, -406.982422, 613.281250
-756.103516, -94.970703, 370.117188
-1548.583984, 771.484375, -222.900391
-1999.755859, 553.710938, -1154.541016
-1999.755859, -12.451172, -665.771484
-1775.146484, -350.341797, -326.904297
-1364.013672, -704.833984, -255.126953
-1256.591797, -883.544922, -212.646484
-1344.970703, -1512.939453, 41.015625
-1263.916016, -1712.646484, 639.160156
-757.080078, -1141.357422, 721.191406
-534.423828, -419.677734, 444.335938
-474.365234, -165.771484, 466.308594
-935.302734, 363.769531, -263.916016
-1190.185547, 633.789062, -280.517578
-1842.529297, 502.929688, -1422.119141
-1588.623047, -610.595703, -769.287109
-955.322266, -1499.755859, -472.412109
-190.185547, -1771.240234, -151.611328
256.835938, -1537.353516, 944.335938
307.128906, -1337.646484, 1160.644531
-510.009766, -1137.451172, 127.441406
-,-,-
-826.416016, 104.492188, 214.843750
-367.431641, 150.878906, 188.964844
-219.482422, -257.568359, 211.914062
-640.380859, -389.892578, -84.716797
-1065.673828, -923.583984, -343.505859
-1014.892578, -1388.916016, -571.533203
-469.970703, -1616.943359, 149.902344
-149.658203, -1999.755859, 1149.414062
-270.751953, -1999.755859, 834.960938
-217.529297, -1194.091797, 578.125000
-120.849609, -650.146484, 401.367188
-,-,-
-572.509766, -856.201172, -154.541016
-104.736328, -1999.755859, 1125.000000
-327.392578, -1999.755859, 863.769531
-614.501953, -1045.654297, 152.832031
-963.134766, -613.037109, -223.388672
-,-,-
-1013.427734, 27.343750, -343.505859
-759.521484, -211.181641, -10.498047
-631.591797, -342.529297, 71.289062
-448.974609, -340.576172, 199.218750
-364.501953, -683.349609, 198.242188
-571.044922, -1187.255859, -29.052734
-884.033203, -1914.794922, 145.507812
-903.076172, -1816.650391, 189.453125
-846.435547, -1656.005859, 146.484375
-302.978516, -1342.529297, 681.640625
-191.650391, -1119.384766, 430.664062
-,-,-
-179.443359, -368.896484, 80.078125
-432.861328, -649.169922, -189.697266
-424.560547, -294.677734, -279.052734
-483.642578, -269.775391, -391.845703
-539.306641, 98.144531, -402.099609
-747.314453, -26.611328, -295.654297
-981.201172, -864.990234, -472.412109
-1027.099609, -822.021484, -395.263672
-1435.302734, -1107.177734, -593.994141
-1568.115234, -822.998047, -601.806641
-1488.037109, -842.529297, -529.052734
-1248.291016, -601.806641, -121.826172
-996.337891, -489.013672, -241.943359
-569.580078, -406.005859, 347.656250
-116.943359, -302.001953, 97.656250
79.589844, -264.404297, 113.281250
75.195312, -308.349609, 45.898438
27.343750, -455.810547, -128.662109
-100.341797, -665.283203, -315.185547
-342.041016, -1167.724609, -465.576172
-661.865234, -1752.685547, -260.009766
-709.228516, -1999.755859, 79.589844
-438.720703, -1999.755859, 382.324219
-149.658203, -1618.896484, 271.484375
38.574219, -1320.068359, 713.867188
-36.865234, -1068.115234, 520.507812
-214.111328, -646.240234, 427.734375
-414.306641, -287.841797, 264.648438
-683.349609, 25.390625, 223.632812
-1178.466797, 339.843750, 82.519531
-1505.126953, 731.445312, -803.466797
-1356.689453, 290.039062, -871.826172
-1041.259766, -586.669922, -445.556641
-1428.466797, -1885.986328, -411.865234
-,-,-
-760.986328, -275.146484, -673.583984
-881.591797, -90.576172, -752.197266
-886.474609, -12.451172, -389.892578
-1089.111328, -741.943359, -322.998047
-1032.470703, -1010.498047, 68.359375
-979.736328, -1159.912109, 40.039062
-1093.505859, -1332.763672, -342.529297
-962.158203, -1060.791016, -109.619141
